JX_FALL01: 61,289,54,99
JX_FALL02: 113,295,113,35
JX_FALL03: 223,295,48,35
JX_FALL04: 236,257,48,43
JX_FALL05: 232,225,56,40
JX_FALL06: 76,653,156,37
JX_FALL07: 282,243,50,42
JX_FALL08: 314,672,130,54
JX_FALL09: 425,572,68,106
JX_FALLHUB: 469,483,170,103
JX_FALLBACK: 386,534,60,50
JX_FALLPIPE: 116,723,107,35
JX_FALLSNAGGING: 77,695,48,35
JX_FALLTRADER: 214,725,52,40
JX_FALLTREASURE: 232,198,52,40
JX_RISE01: 279,223,50,39
JX_RISE02: 304,261,51,44
JX_RISE03: 293,770,59,39
JX_RISE04: 181,770,109,43
JX_RISE05: 140,792,55,124
JX_RISE06: 98,345,50,118
JX_F_S01: 266,300,48,35
JX_F_S02: 286,796,50,39
JX_F_S03: 420,1035,22,28
JX_C_A01: 204,1211,58,39
JX_C_A02: 167,1184,61,39
GATE_MF_JX: 10,358,58,35
